1 1.6405340433120728 0.4024302065372467 1.9114656448364258 0.320499986410141
2 1.2431349754333496 0.5549005270004272 1.1700105667114258 0.5824999809265137
3 1.0708699226379395 0.6231352090835571 1.0949904918670654 0.6313999891281128
4 0.9637567400932312 0.6599695086479187 1.0797624588012695 0.6323999762535095
5 0.8821415901184082 0.6916306018829346 1.0706572532653809 0.6668000221252441
6 0.8107759952545166 0.7167549133300781 0.9298337697982788 0.6980000138282776
7 0.7601017951965332 0.7356833219528198 1.3189923763275146 0.6506999731063843
8 0.7158854603767395 0.7520853281021118 1.1310991048812866 0.6690999865531921
9 0.6757785081863403 0.7676050662994385 0.9185163974761963 0.7069000005722046
10 0.6431701183319092 0.7793551683425903 0.627216637134552 0.7835999727249146
11 0.6161816716194153 0.7870548367500305 1.0058451890945435 0.713100016117096
12 0.592621386051178 0.7957772016525269 0.982628345489502 0.7125999927520752
13 0.5675992965698242 0.8047802448272705 0.7323897480964661 0.7677000164985657
14 0.5472925305366516 0.8127406239509583 0.5614640116691589 0.8159999847412109
15 0.5289628505706787 0.8202598690986633 0.6077404022216797 0.7954999804496765
16 0.5167492628097534 0.8244104981422424 0.6330998539924622 0.8036999702453613
17 0.4959467351436615 0.8310274481773376 0.5574849247932434 0.8202000260353088
18 0.48683202266693115 0.8324310183525085 0.7788376808166504 0.7603999972343445
19 0.47890710830688477 0.8360402584075928 0.735937774181366 0.7810999751091003
20 0.46426820755004883 0.8417949676513672 0.6357311606407166 0.8094000220298767
21 0.4469437897205353 0.8473091125488281 0.7654120326042175 0.7840999960899353
22 0.435665488243103 0.8510386347770691 0.6676616072654724 0.7932999730110168
23 0.42554473876953125 0.855590283870697 0.616698145866394 0.8095999956130981
24 0.41683921217918396 0.8572946786880493 0.5314570069313049 0.8256999850273132
25 0.4087754786014557 0.8607034087181091 0.8722341656684875 0.7645999789237976
26 0.3992367386817932 0.8640920519828796 0.8376647233963013 0.7767000198364258
27 0.39493802189826965 0.8646735548973083 0.6340805292129517 0.8111000061035156
28 0.38452932238578796 0.868483304977417 0.8545697331428528 0.7754999995231628
29 0.3764617145061493 0.8716112971305847 0.47778475284576416 0.8472999930381775
30 0.3705643117427826 0.8725537657737732 0.6550811529159546 0.8129000067710876
31 0.3611927926540375 0.8763033151626587 0.5838003158569336 0.8256999850273132
32 0.3528369665145874 0.8799526691436768 0.4691401720046997 0.8486999869346619
33 0.35290852189064026 0.88055419921875 0.6934109926223755 0.8104000091552734
34 0.3419862687587738 0.8822786211967468 0.7170960307121277 0.8101999759674072
35 0.3400869369506836 0.8839629292488098 0.4984818398952484 0.8421000242233276
36 0.33357375860214233 0.8849454522132874 0.5006393194198608 0.8481000065803528
37 0.33164161443710327 0.8869906663894653 0.5415501594543457 0.8357999920845032
38 0.3212488889694214 0.8911412954330444 0.6593482494354248 0.8083999752998352
39 0.31999829411506653 0.8898580074310303 0.44597968459129333 0.8621000051498413
40 0.313655287027359 0.8934672474861145 0.4280708134174347 0.8672999739646912
41 0.3122023940086365 0.8944898843765259 0.43718260526657104 0.8657000064849854
42 0.30035775899887085 0.8966354131698608 0.47068965435028076 0.8600999712944031
43 0.29845917224884033 0.8992019295692444 0.5709666609764099 0.84170001745224
44 0.29793426394462585 0.897818386554718 0.5201371908187866 0.8525000214576721
45 0.2926764488220215 0.8991618752479553 0.5082985162734985 0.8496000170707703
46 0.28197434544563293 0.9036332964897156 0.44669193029403687 0.8641999959945679
47 0.28001993894577026 0.9046759605407715 0.4744336009025574 0.86080002784729
48 0.27825927734375 0.9050569534301758 0.5771666765213013 0.8259999752044678
49 0.27894607186317444 0.9029515385627747 0.49409571290016174 0.8543000221252441
50 0.26756033301353455 0.9064003825187683 0.4211709499359131 0.8725000023841858
51 0.2737354636192322 0.9063602685928345 0.5201299786567688 0.8489999771118164
52 0.26930922269821167 0.9082651734352112 0.5116562843322754 0.8549000024795532
53 0.26208820939064026 0.9092075824737549 0.5124995112419128 0.850600004196167
54 0.2608449161052704 0.910711407661438 0.4034697711467743 0.8740000128746033
55 0.25732412934303284 0.9117340445518494 0.3691619336605072 0.8852999806404114
56 0.2529821991920471 0.9130373597145081 0.46915164589881897 0.8547000288963318
57 0.24857519567012787 0.9148420095443726 0.40288347005844116 0.8759999871253967
58 0.24784669280052185 0.9154635667800903 0.4916827976703644 0.8575999736785889
59 0.2449926882982254 0.91672682762146 0.4112607538700104 0.873199999332428
60 0.24094794690608978 0.9174486398696899 0.4887963831424713 0.8629999756813049
