1 1.6319230794906616 0.40427494049072266 2.1758368015289307 0.2759000062942505
2 1.232448697090149 0.5569858551025391 1.4339162111282349 0.5113999843597412
3 1.0672197341918945 0.6223331689834595 1.637147307395935 0.49540001153945923
4 0.9606327414512634 0.6635386347770691 1.083261251449585 0.6333000063896179
5 0.8803188800811768 0.694738507270813 1.977237343788147 0.5006999969482422
6 0.8165715932846069 0.7184993624687195 1.0813493728637695 0.6669999957084656
7 0.7604069709777832 0.736966609954834 0.8825876116752625 0.7103000283241272
8 0.7127581834793091 0.7535490989685059 0.9212020635604858 0.7008000016212463
9 0.6807326674461365 0.7660410404205322 0.9524999260902405 0.7056999802589417
10 0.648662269115448 0.7758461833000183 0.832560658454895 0.7470999956130981
11 0.6176416873931885 0.7877165675163269 0.7329196929931641 0.7615000009536743
12 0.5931933522224426 0.7975216507911682 0.726274311542511 0.7603999972343445
13 0.5684882402420044 0.805842936038971 0.7527527213096619 0.7591000199317932
14 0.5498291254043579 0.8122192621231079 0.7073825001716614 0.7706000208854675
15 0.5286825895309448 0.8198588490486145 0.7114599347114563 0.7903000116348267
16 0.5181971192359924 0.8206007480621338 1.1655434370040894 0.7031999826431274
17 0.49816495180130005 0.8330125212669373 1.0304641723632812 0.7372000217437744
18 0.48621392250061035 0.8361003994941711 0.6188928484916687 0.8054999709129333
19 0.4738076627254486 0.838326096534729 0.6048710942268372 0.8112999796867371
20 0.45948055386543274 0.844120979309082 0.548323929309845 0.8190000057220459
21 0.4414818286895752 0.8499358296394348 0.5730928182601929 0.8205999732017517
22 0.4385586380958557 0.8493944406509399 0.7841443419456482 0.7717000246047974
23 0.4286225736141205 0.8521013855934143 0.7882442474365234 0.7822999954223633
24 0.42022669315338135 0.8588787317276001 0.527152955532074 0.8282999992370605
25 0.41163763403892517 0.8611846566200256 0.5826982855796814 0.8198000192642212
26 0.3985241651535034 0.8650946617126465 0.5742492079734802 0.8353999853134155
27 0.3896115720272064 0.8676411509513855 0.7468020915985107 0.7811999917030334
28 0.3878382444381714 0.8668391108512878 0.6222251653671265 0.8055999875068665
29 0.37773916125297546 0.871270477771759 0.5723680853843689 0.8228999972343445
30 0.3690696954727173 0.873536229133606 0.5826740264892578 0.8216000199317932
31 0.3638748824596405 0.8756216168403625 0.576900064945221 0.8317999839782715
32 0.35508835315704346 0.8797521591186523 0.521097719669342 0.8335000276565552
33 0.3488572835922241 0.8804940581321716 0.4361612796783447 0.8586000204086304
34 0.34402045607566833 0.8814164400100708 0.5384746789932251 0.8402000069618225
35 0.3386669158935547 0.8851459622383118 0.6017104387283325 0.8324000239372253
36 0.33149272203445435 0.8874920010566711 0.47566699981689453 0.8510000109672546
37 0.3288628160953522 0.8880734443664551 0.5942615270614624 0.8278999924659729
38 0.3224588632583618 0.8897978663444519 0.515855073928833 0.8483999967575073
39 0.32249724864959717 0.8900986313819885 0.45657700300216675 0.8555999994277954
40 0.3125517964363098 0.8921037912368774 0.7197774052619934 0.8127999901771545
41 0.3052048981189728 0.8961942791938782 0.5238203406333923 0.8384000062942505
42 0.30673298239707947 0.894449770450592 0.6422445774078369 0.8235999941825867
43 0.3057675361633301 0.8946302533149719 0.4660193920135498 0.8568000197410583
44 0.2934526801109314 0.8994425535202026 0.4944474995136261 0.8537999987602234
45 0.28844159841537476 0.9018687605857849 0.46490219235420227 0.8603000044822693
46 0.2862134575843811 0.9026307463645935 0.500709593296051 0.8525999784469604
47 0.28566843271255493 0.9020492434501648 0.44251513481140137 0.8675000071525574
48 0.2783747613430023 0.9039942026138306 0.4600898325443268 0.8607000112533569
49 0.2779920995235443 0.9047561883926392 0.47296273708343506 0.8610000014305115
50 0.27200260758399963 0.9056384563446045 0.49650606513023376 0.8489000201225281
51 0.2712079882621765 0.9081448316574097 0.5743128061294556 0.8458999991416931
52 0.26749444007873535 0.9082450866699219 0.47215116024017334 0.8633999824523926
53 0.2647801339626312 0.909528374671936 0.44047749042510986 0.8704000115394592
54 0.26277536153793335 0.9100096225738525 0.5074790120124817 0.8529000282287598
55 0.2622596323490143 0.9095684885978699 0.4527433216571808 0.8697999715805054
56 0.25577986240386963 0.9108918905258179 0.6006821393966675 0.8406999707221985
57 0.24974539875984192 0.9144610166549683 0.46388623118400574 0.86080002784729
58 0.24494020640850067 0.9160651564598083 0.5281410217285156 0.8529999852180481
59 0.2483145147562027 0.913859486579895 0.5013677477836609 0.8633000254631042
60 0.24196812510490417 0.9174687266349792 0.45415133237838745 0.8683000206947327
