1 1.6610316038131714 0.3871711492538452 2.5366742610931396 0.10000000149011612
2 1.3015073537826538 0.5330245494842529 1.995529055595398 0.4401000142097473
3 1.1600563526153564 0.5854788422584534 1.8562099933624268 0.48539999127388
4 1.0625966787338257 0.6248396039009094 1.348693609237671 0.5482000112533569
5 0.9972302317619324 0.6514075994491577 1.122192621231079 0.6168000102043152
6 0.9417394399642944 0.6701555848121643 1.122808575630188 0.6197999715805054
7 0.8935263156890869 0.6892043352127075 1.2910126447677612 0.597599983215332
8 0.8611750602722168 0.6987888813018799 1.270853877067566 0.5864999890327454
9 0.827503502368927 0.7133862972259521 0.8187363743782043 0.7245000004768372
10 0.7998924255371094 0.7248155474662781 1.100235104560852 0.6464999914169312
11 0.7702339291572571 0.734921395778656 0.9094197154045105 0.7099999785423279
12 0.7453300952911377 0.7420997619628906 0.9896992444992065 0.6912000179290771
13 0.7264716625213623 0.7521054148674011 0.7367055416107178 0.7562000155448914
14 0.7055232524871826 0.7561156749725342 1.039820671081543 0.6898999810218811
15 0.6925296187400818 0.7623917460441589 1.048386573791504 0.6675000190734863
16 0.6787261962890625 0.7674646973609924 1.0458717346191406 0.708299994468689
17 0.6647098064422607 0.7711741924285889 0.8340865969657898 0.7497000098228455
18 0.6438128352165222 0.7809392213821411 0.9883365035057068 0.7081999778747559
19 0.6307317018508911 0.783164918422699 0.7738405466079712 0.7462000250816345
20 0.6209800243377686 0.7880975008010864 0.6827570199966431 0.7688999772071838
21 0.6099910736083984 0.791045069694519 0.6880004405975342 0.7796000242233276
22 0.6030718684196472 0.7936517596244812 0.6794100999832153 0.7914999723434448
23 0.5912559032440186 0.7976820468902588 0.6189367771148682 0.792900025844574
24 0.5822580456733704 0.8007699847221375 0.5913792252540588 0.8015000224113464
25 0.5791614055633545 0.8041787147521973 0.7104146480560303 0.7781000137329102
26 0.5689494609832764 0.805842936038971 0.7164233326911926 0.7763000130653381
27 0.556233286857605 0.8104948401451111 0.603158175945282 0.8044999837875366
28 0.5527501702308655 0.8103745579719543 0.579761803150177 0.8058000206947327
29 0.5449666380882263 0.8136630058288574 0.7387836575508118 0.7638999819755554
30 0.5386773943901062 0.8167308568954468 0.7368090748786926 0.7784000039100647
31 0.5303488373756409 0.8184351921081543 0.7432191967964172 0.7753999829292297
32 0.522357165813446 0.820701003074646 0.5732924342155457 0.8087000250816345
33 0.5213066339492798 0.822385311126709 0.8108055591583252 0.7709000110626221
34 0.5136290192604065 0.8235082030296326 0.6249045729637146 0.8061000108718872
35 0.5082551836967468 0.826756477355957 0.630557119846344 0.800000011920929
36 0.5024434328079224 0.8278793692588806 0.7246382832527161 0.7760999798774719
37 0.49511927366256714 0.8308870792388916 0.5314873456954956 0.8270000219345093
38 0.49562889337539673 0.828902006149292 0.658760130405426 0.7957000136375427
39 0.48788508772850037 0.8334135413169861 0.49596890807151794 0.8349999785423279
40 0.4908316433429718 0.8319698572158813 0.6956875324249268 0.7950000166893005
41 0.4791886806488037 0.8346768021583557 0.6636745929718018 0.7997999787330627
42 0.484521746635437 0.8341554403305054 0.5052770376205444 0.8346999883651733
43 0.4685494601726532 0.8399903774261475 0.7015879154205322 0.7858999967575073
44 0.4685298204421997 0.8387472033500671 0.49170687794685364 0.8425999879837036
45 0.46445605158805847 0.840471625328064 0.582402765750885 0.8197000026702881
46 0.4595384895801544 0.8426170945167542 0.5691893696784973 0.8270999789237976
47 0.462179571390152 0.8417549133300781 0.554828405380249 0.8230000138282776
48 0.454323410987854 0.8435996174812317 0.6311169266700745 0.8050000071525574
49 0.45018866658210754 0.8454042077064514 0.5862478613853455 0.8145999908447266
50 0.4489491879940033 0.849033534526825 0.5773038268089294 0.8102999925613403
51 0.44124579429626465 0.8492941856384277 0.52956622838974 0.8299999833106995
52 0.44063812494277954 0.8489733934402466 0.7181057333946228 0.7976999878883362
53 0.44006672501564026 0.849314272403717 0.6098621487617493 0.8097000122070312
54 0.433573842048645 0.8510988354682922 0.6921710968017578 0.8112000226974487
55 0.4335165321826935 0.8521414995193481 0.493562787771225 0.8432999849319458
56 0.42803633213043213 0.8526427745819092 0.5992743372917175 0.8166999816894531
57 0.4261167645454407 0.8546078205108643 0.5923325419425964 0.8220000267028809
58 0.42415302991867065 0.8544874787330627 0.5183397531509399 0.8356000185012817
59 0.4183568060398102 0.8578360676765442 0.6857516169548035 0.8012999892234802
60 0.4212803840637207 0.856051504611969 0.5275694131851196 0.8324000239372253
