1 1.4788002967834473 0.4629250764846802 1.5823605060577393 0.4146000146865845
2 1.124544382095337 0.6014196276664734 1.234342336654663 0.5932999849319458
3 0.9674502015113831 0.6599293947219849 1.0902327299118042 0.6337000131607056
4 0.8594889640808105 0.6998716592788696 0.9699939489364624 0.6593000292778015
5 0.7769140005111694 0.7282443046569824 1.015852689743042 0.6604999899864197
6 0.7190470695495605 0.750862181186676 1.0209144353866577 0.6812000274658203
7 0.6649942398071289 0.7687279582023621 1.2242807149887085 0.6348999738693237
8 0.62847501039505 0.7813803553581238 1.3607923984527588 0.6244999766349792
9 0.5949230790138245 0.7941730618476868 1.1535451412200928 0.676800012588501
10 0.5636023283004761 0.8057226538658142 0.7329695224761963 0.7559000253677368
11 0.5335935950279236 0.8145653009414673 0.8297637701034546 0.7444999814033508
12 0.5153737664222717 0.8219040632247925 0.9688081741333008 0.7214999794960022
13 0.4997963011264801 0.8259945511817932 0.632513701915741 0.7875999808311462
14 0.4737968146800995 0.8350377082824707 0.7810849547386169 0.7526000142097473
15 0.4597158133983612 0.8410931825637817 0.6052047610282898 0.7990999817848206
16 0.44017690420150757 0.8492741584777832 0.49100250005722046 0.8331000208854675
17 0.42181655764579773 0.8535651564598083 0.6544912457466125 0.7867000102996826
18 0.4210430681705475 0.8545275926589966 0.5859235525131226 0.8242999911308289
19 0.40505871176719666 0.8594401478767395 0.5332116484642029 0.829200029373169
20 0.38865190744400024 0.8660570979118347 0.5663170218467712 0.8174999952316284
21 0.3833164870738983 0.8672401309013367 0.5825518369674683 0.8119999766349792
22 0.3671718239784241 0.8729748129844666 0.509592592716217 0.8378999829292297
23 0.3620302081108093 0.8735563158988953 0.5582658052444458 0.8289999961853027
24 0.3520011305809021 0.8776868581771851 0.5740466713905334 0.8273000121116638
25 0.3448554575443268 0.8791706562042236 0.6581496000289917 0.8126999735832214
26 0.3346266448497772 0.8832811713218689 0.5593464374542236 0.8267999887466431
27 0.32602447271347046 0.886349081993103 0.4424115717411041 0.8590999841690063
28 0.3206256031990051 0.8889155983924866 0.517022430896759 0.8478000164031982
29 0.3101845383644104 0.8926451802253723 0.9122974872589111 0.7603999972343445
30 0.30236130952835083 0.896134078502655 0.6425076127052307 0.8230000138282776
31 0.2969505190849304 0.8985202312469482 0.6361240744590759 0.8152999877929688
32 0.296083927154541 0.8976178765296936 0.49046796560287476 0.8485000133514404
33 0.2851332128047943 0.9010065793991089 0.4930315911769867 0.8500000238418579
34 0.2806108295917511 0.9024302363395691 0.5127043724060059 0.8476999998092651
35 0.2795966565608978 0.9036332964897156 0.5270050764083862 0.836899995803833
36 0.2744925916194916 0.9024502635002136 0.5318909287452698 0.8507999777793884
37 0.2707730531692505 0.9067813754081726 0.5646480321884155 0.8453999757766724
38 0.2680695652961731 0.9066811203956604 0.5325300097465515 0.8440999984741211
39 0.26142698526382446 0.9103103876113892 0.4571610987186432 0.8543999791145325
40 0.2512933313846588 0.9128368496894836 0.6024640798568726 0.8277999758720398
41 0.24979382753372192 0.9110522866249084 0.5067356824874878 0.8476999998092651
42 0.24336370825767517 0.914080023765564 0.44720205664634705 0.8644000291824341
43 0.2433859407901764 0.915764331817627 0.501289427280426 0.8529999852180481
44 0.23723812401294708 0.9188522696495056 0.5380665063858032 0.8467000126838684
45 0.23343835771083832 0.9192332625389099 0.4763485789299011 0.8525999784469604
46 0.2306697964668274 0.9199751615524292 0.47521498799324036 0.8575000166893005
47 0.22583115100860596 0.9226419925689697 0.5859467387199402 0.838699996471405
48 0.2211485207080841 0.9226018786430359 0.4491727948188782 0.8676999807357788
49 0.2198445349931717 0.9228224158287048 0.4177951216697693 0.8766999840736389
50 0.2156566083431244 0.9254491329193115 0.43163734674453735 0.8676000237464905
51 0.2153300940990448 0.9252687096595764 0.464313268661499 0.8629999756813049
52 0.2112082839012146 0.9258100986480713 0.4035584330558777 0.8795999884605408
53 0.20735496282577515 0.9288177490234375 0.46945884823799133 0.8637999892234802
54 0.20799167454242706 0.9274141788482666 0.3927762508392334 0.8808000087738037
55 0.2011117935180664 0.9295797348022461 0.4141596257686615 0.8755999803543091
56 0.1999189555644989 0.9293591380119324 0.4978977143764496 0.8658999800682068
57 0.19890889525413513 0.930842936038971 0.5739688277244568 0.8410000205039978
58 0.19626867771148682 0.933128833770752 0.4008452296257019 0.878600001335144
59 0.19279173016548157 0.9343318939208984 0.42921847105026245 0.8755999803543091
60 0.18786701560020447 0.9349735379219055 0.5686973929405212 0.8431000113487244
