1 1.5723785161972046 0.42719361186027527 1.956758975982666 0.321399986743927
2 1.1711491346359253 0.5827317833900452 1.4572815895080566 0.5051000118255615
3 0.9916618466377258 0.652009129524231 1.268402099609375 0.5788000226020813
4 0.8693855404853821 0.6961020231246948 1.0721246004104614 0.6424999833106995
5 0.7839478254318237 0.7287255525588989 1.5809539556503296 0.5855000019073486
6 0.7199863195419312 0.7517244219779968 0.8386354446411133 0.7135999798774719
7 0.681903064250946 0.7647377252578735 0.920015811920166 0.7009000182151794
8 0.6381322145462036 0.7819217443466187 0.6050851345062256 0.7943999767303467
9 0.5923292636871338 0.7952959537506104 0.6040183901786804 0.7967000007629395
10 0.5685653686523438 0.8037375807762146 0.7477183938026428 0.760699987411499
11 0.5412856340408325 0.814545214176178 0.5977192521095276 0.802299976348877
12 0.5172406435012817 0.822746217250824 0.643294632434845 0.79339998960495
13 0.49826785922050476 0.8281601071357727 0.6104719042778015 0.7889999747276306
14 0.47562286257743835 0.8369024991989136 0.6630034446716309 0.7893999814987183
15 0.4638828635215759 0.8397698402404785 0.6326985359191895 0.8011000156402588
16 0.4501816928386688 0.8454242944717407 0.7673009037971497 0.771399974822998
17 0.43099895119667053 0.8528231978416443 0.6115753650665283 0.8095999956130981
18 0.4218328297138214 0.8556504845619202 0.8035408854484558 0.7631999850273132
19 0.40660813450813293 0.8595805168151855 0.6267479062080383 0.805899977684021
20 0.39321523904800415 0.8644329309463501 0.602428138256073 0.810699999332428
21 0.3818989396095276 0.8679419159889221 0.7280943393707275 0.7928000092506409
22 0.3774372637271881 0.8720123767852783 0.5635107159614563 0.8274999856948853
23 0.3626190423965454 0.8756616711616516 0.6220831274986267 0.8101000189781189
24 0.3518292009830475 0.8796719312667847 0.5083242654800415 0.840499997138977
25 0.33939316868782043 0.8839027881622314 0.522061288356781 0.8312000036239624
26 0.33772343397140503 0.8848451972007751 0.4501132667064667 0.8511999845504761
27 0.3313254714012146 0.8865295052528381 0.40954211354255676 0.8658999800682068
28 0.3244946300983429 0.8879130482673645 0.5336982011795044 0.838699996471405
29 0.3148897588253021 0.8903593420982361 0.5757901668548584 0.8294000029563904
30 0.3073614239692688 0.8929058313369751 0.43377983570098877 0.8604000210762024
31 0.297016978263855 0.8978384733200073 0.5487027168273926 0.833299994468689
32 0.29245999455451965 0.8996230363845825 0.4479466676712036 0.8587999939918518
33 0.2911562919616699 0.8989412784576416 0.47641757130622864 0.8543999791145325
34 0.2864304780960083 0.9013474583625793 0.5177474021911621 0.8431000113487244
35 0.2785806655883789 0.902971625328064 0.4805704653263092 0.8525999784469604
36 0.27582499384880066 0.9046358466148376 0.44082215428352356 0.8657000064849854
37 0.26840800046920776 0.907202422618866 0.39957958459854126 0.8707000017166138
38 0.2612001597881317 0.9104106426239014 0.45880326628685 0.8590999841690063
39 0.2601599395275116 0.9102502465248108 0.39655423164367676 0.8708000183105469
40 0.2553883492946625 0.9119545817375183 0.4814435541629791 0.8564000129699707
41 0.24679157137870789 0.9155237674713135 0.4486704170703888 0.8655999898910522
42 0.24596409499645233 0.9164460897445679 0.3869604170322418 0.8776000142097473
43 0.2421809732913971 0.9174486398696899 0.37663573026657104 0.8827999830245972
44 0.23630324006080627 0.9187520146369934 0.5091926455497742 0.8562999963760376
45 0.23053953051567078 0.9209375977516174 0.47490790486335754 0.8589000105857849
46 0.22832567989826202 0.9202558398246765 0.37674906849861145 0.878600001335144
47 0.22481927275657654 0.9225416779518127 0.4955276846885681 0.8557000160217285
48 0.2220253050327301 0.9244866967201233 0.4464341700077057 0.8662999868392944
49 0.22127552330493927 0.9232635498046875 0.4676230847835541 0.8611000180244446
50 0.21755866706371307 0.9252486228942871 0.518311083316803 0.8513000011444092
51 0.21588732302188873 0.9260106086730957 0.45940330624580383 0.8647000193595886
52 0.21084102988243103 0.9269129037857056 0.46794164180755615 0.868399977684021
53 0.20753195881843567 0.9282964468002319 0.49490243196487427 0.8536999821662903
54 0.1994742602109909 0.9320660829544067 0.37068021297454834 0.8873000144958496
55 0.1981249749660492 0.9307026267051697 0.4153374135494232 0.8809000253677368
56 0.20060716569423676 0.9293591380119324 0.4250105023384094 0.879800021648407
57 0.19076451659202576 0.9341514110565186 0.40347617864608765 0.882099986076355
58 0.19367752969264984 0.9329683780670166 0.45732471346855164 0.8725000023841858
59 0.18873156607151031 0.9348131418228149 0.45339956879615784 0.8708000183105469
60 0.18353553116321564 0.9366979598999023 0.43211767077445984 0.8787999749183655
