0 0.2918919026851654
1 0.2936936914920807
2 0.29549551010131836
3 0.29729729890823364
4 0.3009009063243866
5 0.30450451374053955
6 0.30630630254745483
7 0.3081081211566925
8 0.31171169877052307
9 0.31351351737976074
10 0.315315306186676
11 0.315315306186676
12 0.315315306186676
13 0.315315306186676
14 0.32252252101898193
15 0.3261261284351349
16 0.32972973585128784
17 0.3351351320743561
18 0.3405405282974243
19 0.342342346906662
20 0.3495495617389679
21 0.3495495617389679
22 0.3513513505458832
23 0.35315313935279846
24 0.3585585653781891
25 0.3585585653781891
26 0.36216217279434204
27 0.3639639616012573
28 0.365765780210495
29 0.36936935782432556
30 0.37117117643356323
31 0.37117117643356323
32 0.3729729652404785
33 0.3747747838497162
34 0.37657657265663147
35 0.3819819688796997
36 0.38738739490509033
37 0.38738739490509033
38 0.38738739490509033
39 0.3891891837120056
40 0.39279279112815857
41 0.3981981873512268
42 0.4000000059604645
43 0.40180179476737976
44 0.4054054021835327
45 0.4072072207927704
46 0.40900900959968567
47 0.41081079840660095
48 0.4144144058227539
49 0.4162162244319916
50 0.4162162244319916
