0 0.3214285671710968
1 0.3236607015132904
2 0.328125
3 0.3348214328289032
4 0.3370535671710968
5 0.3370535671710968
6 0.3370535671710968
7 0.3392857015132904
8 0.3415178656578064
9 0.34375
10 0.3504464328289032
11 0.3616071343421936
12 0.3638392984867096
13 0.3638392984867096
14 0.3638392984867096
15 0.3727678656578064
16 0.3794642984867096
17 0.3816964328289032
18 0.3839285671710968
19 0.3883928656578064
20 0.390625
21 0.390625
22 0.3883928656578064
23 0.3928571343421936
24 0.3973214328289032
25 0.4017857015132904
26 0.4040178656578064
27 0.40625
28 0.4174107015132904
29 0.4196428656578064
30 0.421875
31 0.4308035671710968
32 0.4330357015132904
33 0.4352678656578064
34 0.4375
35 0.4375
36 0.4419642984867096
37 0.4441964328289032
38 0.4486607015132904
39 0.4508928656578064
40 0.4508928656578064
41 0.453125
42 0.453125
43 0.453125
44 0.4598214328289032
45 0.4620535671710968
46 0.46875
47 0.46875
48 0.4709821343421936
49 0.4732142984867096
50 0.4799107015132904